1 1 C 1 0000BFT 18 27
2 1 C 0 -------  0  0
3 1 C 0 -------  0  0
4 1 C 0 -------  0  0
5 1 C 0 -------  0  0
6 1 C 0 -------  0  0
7 1 C 0 -------  0  0
8 1 C 0 -------  0  0
9 1 C 0 -------  0  0
10 1 C 0 -------  0  0
11 1 C 0 -------  0  0
12 1 C 0 -------  0  0
13 1 C 0 -------  0  0
14 1 C 0 -------  0  0
15 1 C 0 -------  0  0
16 1 C 0 -------  0  0
17 1 C 0 -------  0  0
18 1 C 0 -------  0  0
19 1 C 0 -------  0  0
20 1 C 0 -------  0  0
21 1 C 0 -------  0  0
22 1 C 0 -------  0  0
23 1 M 1 0000GSV 18 33
24 1 M 1 0000BCM 20 20
25 1 M 0 -------  0  0
26 1 M 0 -------  0  0
27 1 M 0 -------  0  0
28 1 M 0 -------  0  0
29 1 M 0 -------  0  0
30 1 M 0 -------  0  0
31 1 C 0 -------  0  0
32 1 C 0 -------  0  0
33 1 C 0 -------  0  0
34 1 C 0 -------  0  0
35 1 C 0 -------  0  0
36 1 C 0 -------  0  0
37 1 C 0 -------  0  0
38 1 C 0 -------  0  0
39 1 C 0 -------  0  0
40 1 C 0 -------  0  0
41 1 C 0 -------  0  0
42 1 C 0 -------  0  0
43 1 C 0 -------  0  0
44 1 C 0 -------  0  0
45 1 C 0 -------  0  0
46 1 C 0 -------  0  0
47 1 C 0 -------  0  0
48 1 C 0 -------  0  0
49 1 C 0 -------  0  0
50 1 C 0 -------  0  0
51 2 C 1 0000BMN 14 14
52 2 C 0 -------  0  0
53 2 C 0 -------  0  0
54 2 C 0 -------  0  0
55 2 C 0 -------  0  0
56 2 C 0 -------  0  0
57 2 C 0 -------  0  0
58 2 C 0 -------  0  0
59 2 C 0 -------  0  0
60 2 C 0 -------  0  0
61 2 M 1 0000GFS 18 28
62 2 M 1 0000BVC 17  2
63 2 M 1 0000BFW 17 52
64 2 M 0 -------  0  0
65 2 M 0 -------  0  0
66 2 M 0 -------  0  0
67 2 M 0 -------  0  0
68 2 M 0 -------  0  0
69 2 M 0 -------  0  0
70 2 M 0 -------  0  0
71 2 C 0 -------  0  0
72 2 C 0 -------  0  0
73 2 C 0 -------  0  0
74 2 C 0 -------  0  0
75 2 C 0 -------  0  0
76 2 C 0 -------  0  0
77 2 C 0 -------  0  0
78 2 C 0 -------  0  0
79 2 C 0 -------  0  0
80 2 C 0 -------  0  0
81 2 M 0 -------  0  0
82 2 M 0 -------  0  0
83 2 M 0 -------  0  0
84 2 M 0 -------  0  0
85 2 M 0 -------  0  0
86 2 M 0 -------  0  0
87 2 M 0 -------  0  0
88 2 M 0 -------  0  0
89 2 M 0 -------  0  0
90 2 M 0 -------  0  0
91 2 C 0 -------  0  0
92 2 C 0 -------  0  0
93 2 C 0 -------  0  0
94 2 C 0 -------  0  0
95 2 C 0 -------  0  0
96 2 C 0 -------  0  0
97 2 C 0 -------  0  0
98 2 C 0 -------  0  0
99 2 C 0 -------  0  0
100 2 C 0 -------  0  0
101 3 C 1 0000BVP 17  2
102 3 C 1 0000BHF 18 27
103 3 C 1 0000GSL 18 29
104 3 C 0 -------  0  0
105 3 C 0 -------  0  0
106 3 C 0 -------  0  0
107 3 C 0 -------  0  0
108 3 C 0 -------  0  0
109 3 C 0 -------  0  0
110 3 C 0 -------  0  0
111 3 C 0 -------  0  0
112 3 C 0 -------  0  0
113 3 C 0 -------  0  0
114 3 C 0 -------  0  0
115 3 C 0 -------  0  0
116 3 C 0 -------  0  0
117 3 C 0 -------  0  0
118 3 C 0 -------  0  0
119 3 C 0 -------  0  0
120 3 C 0 -------  0  0
121 3 M 0 -------  0  0
122 3 M 1 0000CBM 14 14
123 3 M 0 -------  0  0
124 3 M 0 -------  0  0
125 3 M 0 -------  0  0
126 3 M 0 -------  0  0
127 3 M 0 -------  0  0
128 3 M 0 -------  0  0
129 3 M 0 -------  0  0
130 3 M 0 -------  0  0
131 3 C 0 -------  0  0
132 3 C 0 -------  0  0
133 3 C 0 -------  0  0
134 3 C 0 -------  0  0
135 3 C 0 -------  0  0
136 3 C 0 -------  0  0
137 3 C 0 -------  0  0
138 3 C 0 -------  0  0
139 3 C 0 -------  0  0
140 3 C 0 -------  0  0
141 3 C 0 -------  0  0
142 3 C 0 -------  0  0
143 3 C 0 -------  0  0
144 3 C 0 -------  0  0
145 3 C 0 -------  0  0
146 3 C 0 -------  0  0
147 3 C 0 -------  0  0
148 3 C 0 -------  0  0
149 3 C 0 -------  0  0
150 3 C 0 -------  0  0
